     No. of cases  Count
0              0   1487
1              1   2089
2              2   1890
3              3   1455
4              4   1275
5              5    944
6              6    683
7              7    579
8              8    385
9              9    309
10            10    266
11            11    198
12            12    147
13            13    127
14            14     93
15            15    102
16            16     59
17            17     59
18            18     56
19            19     37
20            20     27
21            21     19
22            22     13
23            23     18
24            24     13
25            25     19
26            26     20
27            27     10
28            28     10
29            29     12
30            30      8
31            31      4
32            32      9
33            33      3
34            34      4
35            35      6
36            36      5
37            37      4
38            38      2
39            39      2
40            41      2
41            42      1
42            43      1
43            44      1
44            45      1
45            46      1
46            48      2
47            49      1
48            52      2
49            54      1
50            55      1
51            57      1
52            58      1
53            71      1
54            72      1
55            95      1
